2147483649 (1, 2)
2147483650 (1, 3)
2147483652 (1, 5)
2147483656 (1, 9)
2147483664 (1, 17)
2147483680 (1, 33)
4294967297 (2, 3)
4294967298 (2, 4)
4294967300 (2, 6)
4294967304 (2, 10)
4294967312 (2, 18)
4294967328 (2, 34)
6442450945 (3, 4)
6442450946 (3, 5)
6442450948 (3, 7)
6442450952 (3, 11)
6442450960 (3, 19)
6442450976 (3, 35)
6442451008 (3, 67)
8589934593 (4, 5)
8589934594 (4, 6)
8589934596 (4, 8)
8589934600 (4, 12)
8589934608 (4, 20)
8589934624 (4, 36)
8589934656 (4, 68)
10737418241 (5, 6)
10737418242 (5, 7)
10737418244 (5, 9)
10737418248 (5, 13)
10737418256 (5, 21)
10737418272 (5, 37)
12884901889 (6, 7)
12884901890 (6, 8)
12884901892 (6, 10)
12884901896 (6, 14)
12884901904 (6, 22)
12884901920 (6, 38)
15032385537 (7, 8)
15032385538 (7, 9)
15032385540 (7, 11)
15032385544 (7, 15)
15032385552 (7, 23)
15032385568 (7, 39)
17179869185 (8, 9)
17179869186 (8, 10)
17179869188 (8, 12)
17179869192 (8, 16)
17179869200 (8, 24)
17179869216 (8, 40)
19327352833 (9, 10)
19327352834 (9, 11)
19327352836 (9, 13)
19327352840 (9, 17)
19327352848 (9, 25)
19327352864 (9, 41)
19327352896 (9, 73)
21474836481 (10, 11)
21474836482 (10, 12)
21474836484 (10, 14)
21474836488 (10, 18)
21474836496 (10, 26)
21474836512 (10, 42)
23622320129 (11, 12)
23622320130 (11, 13)
23622320132 (11, 15)
23622320136 (11, 19)
23622320144 (11, 27)
23622320160 (11, 43)
25769803777 (12, 13)
25769803778 (12, 14)
25769803780 (12, 16)
25769803784 (12, 20)
25769803792 (12, 28)
25769803808 (12, 44)
25769803840 (12, 76)
27917287425 (13, 14)
27917287426 (13, 15)
27917287428 (13, 17)
27917287432 (13, 21)
27917287440 (13, 29)
27917287456 (13, 45)
30064771073 (14, 15)
30064771074 (14, 16)
30064771076 (14, 18)
30064771080 (14, 22)
30064771088 (14, 30)
30064771104 (14, 46)
30064771136 (14, 78)
32212254721 (15, 16)
32212254722 (15, 17)
32212254724 (15, 19)
32212254728 (15, 23)
32212254736 (15, 31)
32212254752 (15, 47)
32212254784 (15, 79)
34359738369 (16, 17)
34359738370 (16, 18)
34359738372 (16, 20)
34359738376 (16, 24)
34359738384 (16, 32)
34359738400 (16, 48)
34359738432 (16, 80)
36507222017 (17, 18)
36507222018 (17, 19)
36507222020 (17, 21)
36507222024 (17, 25)
36507222032 (17, 33)
36507222048 (17, 49)
38654705665 (18, 19)
38654705666 (18, 20)
38654705668 (18, 22)
38654705672 (18, 26)
38654705680 (18, 34)
38654705696 (18, 50)
40802189313 (19, 20)
40802189314 (19, 21)
40802189316 (19, 23)
40802189320 (19, 27)
40802189328 (19, 35)
40802189344 (19, 51)
42949672961 (20, 21)
42949672962 (20, 22)
42949672964 (20, 24)
42949672968 (20, 28)
42949672976 (20, 36)
42949672992 (20, 52)
42949673024 (20, 84)
45097156609 (21, 22)
45097156610 (21, 23)
45097156612 (21, 25)
45097156616 (21, 29)
45097156624 (21, 37)
45097156640 (21, 53)
45097156672 (21, 85)
47244640257 (22, 23)
47244640258 (22, 24)
47244640260 (22, 26)
47244640264 (22, 30)
47244640272 (22, 38)
47244640288 (22, 54)
49392123905 (23, 24)
49392123906 (23, 25)
49392123908 (23, 27)
49392123912 (23, 31)
49392123920 (23, 39)
49392123936 (23, 55)
51539607553 (24, 25)
51539607554 (24, 26)
51539607556 (24, 28)
51539607560 (24, 32)
51539607568 (24, 40)
51539607584 (24, 56)
53687091201 (25, 26)
53687091202 (25, 27)
53687091204 (25, 29)
53687091208 (25, 33)
53687091216 (25, 41)
53687091232 (25, 57)
53687091264 (25, 89)
55834574849 (26, 27)
55834574850 (26, 28)
55834574852 (26, 30)
55834574856 (26, 34)
55834574864 (26, 42)
55834574880 (26, 58)
57982058497 (27, 28)
57982058498 (27, 29)
57982058500 (27, 31)
57982058504 (27, 35)
57982058512 (27, 43)
57982058528 (27, 59)
60129542145 (28, 29)
60129542146 (28, 30)
60129542148 (28, 32)
60129542152 (28, 36)
60129542160 (28, 44)
60129542176 (28, 60)
62277025793 (29, 30)
62277025794 (29, 31)
62277025796 (29, 33)
62277025800 (29, 37)
62277025808 (29, 45)
62277025824 (29, 61)
64424509441 (30, 31)
64424509442 (30, 32)
64424509444 (30, 34)
64424509448 (30, 38)
64424509456 (30, 46)
64424509472 (30, 62)
66571993089 (31, 32)
66571993090 (31, 33)
66571993092 (31, 35)
66571993096 (31, 39)
66571993104 (31, 47)
66571993120 (31, 63)
68719476737 (32, 33)
68719476738 (32, 34)
68719476740 (32, 36)
68719476744 (32, 40)
68719476752 (32, 48)
68719476768 (32, 64)
68719476800 (32, 96)
70866960385 (33, 34)
70866960386 (33, 35)
70866960388 (33, 37)
70866960392 (33, 41)
70866960400 (33, 49)
70866960416 (33, 65)
70866960448 (33, 97)
73014444033 (34, 35)
73014444034 (34, 36)
73014444036 (34, 38)
73014444040 (34, 42)
73014444048 (34, 50)
73014444064 (34, 66)
73014444096 (34, 98)
75161927681 (35, 36)
75161927682 (35, 37)
75161927684 (35, 39)
75161927688 (35, 43)
75161927696 (35, 51)
75161927712 (35, 67)
75161927744 (35, 99)
77309411329 (36, 37)
77309411330 (36, 38)
77309411332 (36, 40)
77309411336 (36, 44)
77309411344 (36, 52)
77309411360 (36, 68)
79456894977 (37, 38)
79456894978 (37, 39)
79456894980 (37, 41)
79456894984 (37, 45)
79456894992 (37, 53)
79456895008 (37, 69)
81604378625 (38, 39)
81604378626 (38, 40)
81604378628 (38, 42)
81604378632 (38, 46)
81604378640 (38, 54)
81604378656 (38, 70)
83751862273 (39, 40)
83751862274 (39, 41)
83751862276 (39, 43)
83751862280 (39, 47)
83751862288 (39, 55)
83751862304 (39, 71)
83751862336 (39, 103)
85899345921 (40, 41)
85899345922 (40, 42)
85899345924 (40, 44)
85899345928 (40, 48)
85899345936 (40, 56)
85899345952 (40, 72)
88046829569 (41, 42)
88046829570 (41, 43)
88046829572 (41, 45)
88046829576 (41, 49)
88046829584 (41, 57)
88046829600 (41, 73)
90194313217 (42, 43)
90194313218 (42, 44)
90194313220 (42, 46)
90194313224 (42, 50)
90194313232 (42, 58)
90194313248 (42, 74)
90194313344 (42, 170)
92341796865 (43, 44)
92341796866 (43, 45)
92341796868 (43, 47)
92341796872 (43, 51)
92341796880 (43, 59)
92341796896 (43, 75)
94489280513 (44, 45)
94489280514 (44, 46)
94489280516 (44, 48)
94489280520 (44, 52)
94489280528 (44, 60)
94489280544 (44, 76)
96636764161 (45, 46)
96636764162 (45, 47)
96636764164 (45, 49)
96636764168 (45, 53)
96636764176 (45, 61)
96636764192 (45, 77)
98784247809 (46, 47)
98784247810 (46, 48)
98784247812 (46, 50)
98784247816 (46, 54)
98784247824 (46, 62)
98784247840 (46, 78)
100931731457 (47, 48)
100931731458 (47, 49)
100931731460 (47, 51)
100931731464 (47, 55)
100931731472 (47, 63)
100931731488 (47, 79)
103079215105 (48, 49)
103079215106 (48, 50)
103079215108 (48, 52)
103079215112 (48, 56)
103079215120 (48, 64)
103079215136 (48, 80)
105226698753 (49, 50)
105226698754 (49, 51)
105226698756 (49, 53)
105226698760 (49, 57)
105226698768 (49, 65)
105226698784 (49, 81)
107374182401 (50, 51)
107374182402 (50, 52)
107374182404 (50, 54)
107374182408 (50, 58)
107374182416 (50, 66)
107374182432 (50, 82)
109521666049 (51, 52)
109521666050 (51, 53)
109521666052 (51, 55)
109521666056 (51, 59)
109521666064 (51, 67)
109521666080 (51, 83)
111669149697 (52, 53)
111669149698 (52, 54)
111669149700 (52, 56)
111669149704 (52, 60)
111669149712 (52, 68)
111669149728 (52, 84)
113816633345 (53, 54)
113816633346 (53, 55)
113816633348 (53, 57)
113816633352 (53, 61)
113816633360 (53, 69)
113816633376 (53, 85)
113816633408 (53, 117)
115964116993 (54, 55)
115964116994 (54, 56)
115964116996 (54, 58)
115964117000 (54, 62)
115964117008 (54, 70)
115964117024 (54, 86)
118111600641 (55, 56)
118111600642 (55, 57)
118111600644 (55, 59)
118111600648 (55, 63)
118111600656 (55, 71)
118111600672 (55, 87)
120259084289 (56, 57)
120259084290 (56, 58)
120259084292 (56, 60)
120259084296 (56, 64)
120259084304 (56, 72)
120259084320 (56, 88)
122406567937 (57, 58)
122406567938 (57, 59)
122406567940 (57, 61)
122406567944 (57, 65)
122406567952 (57, 73)
122406567968 (57, 89)
124554051585 (58, 59)
124554051586 (58, 60)
124554051588 (58, 62)
124554051592 (58, 66)
124554051600 (58, 74)
124554051616 (58, 90)
126701535233 (59, 60)
126701535234 (59, 61)
126701535236 (59, 63)
126701535240 (59, 67)
126701535248 (59, 75)
126701535264 (59, 91)
128849018881 (60, 61)
128849018882 (60, 62)
128849018884 (60, 64)
128849018888 (60, 68)
128849018896 (60, 76)
128849018912 (60, 92)
130996502529 (61, 62)
130996502530 (61, 63)
130996502532 (61, 65)
130996502536 (61, 69)
130996502544 (61, 77)
130996502560 (61, 93)
133143986177 (62, 63)
133143986178 (62, 64)
133143986180 (62, 66)
133143986184 (62, 70)
133143986192 (62, 78)
133143986208 (62, 94)
135291469825 (63, 64)
135291469826 (63, 65)
135291469828 (63, 67)
135291469832 (63, 71)
135291469840 (63, 79)
135291469856 (63, 95)
137438953473 (64, 65)
137438953474 (64, 66)
137438953476 (64, 68)
137438953480 (64, 72)
137438953488 (64, 80)
137438953504 (64, 96)
139586437121 (65, 66)
139586437122 (65, 67)
139586437124 (65, 69)
139586437128 (65, 73)
139586437136 (65, 81)
139586437152 (65, 97)
141733920769 (66, 67)
141733920770 (66, 68)
141733920772 (66, 70)
141733920776 (66, 74)
141733920784 (66, 82)
141733920800 (66, 98)
143881404417 (67, 68)
143881404418 (67, 69)
143881404420 (67, 71)
143881404424 (67, 75)
143881404432 (67, 83)
143881404448 (67, 99)
146028888065 (68, 69)
146028888066 (68, 70)
146028888068 (68, 72)
146028888072 (68, 76)
146028888080 (68, 84)
146028888096 (68, 100)
148176371713 (69, 70)
148176371714 (69, 71)
148176371716 (69, 73)
148176371720 (69, 77)
148176371728 (69, 85)
148176371744 (69, 101)
150323855361 (70, 71)
150323855362 (70, 72)
150323855364 (70, 74)
150323855368 (70, 78)
150323855376 (70, 86)
150323855392 (70, 102)
152471339009 (71, 72)
152471339010 (71, 73)
152471339012 (71, 75)
152471339016 (71, 79)
152471339024 (71, 87)
152471339040 (71, 103)
154618822657 (72, 73)
154618822658 (72, 74)
154618822660 (72, 76)
154618822664 (72, 80)
154618822672 (72, 88)
154618822688 (72, 104)
156766306305 (73, 74)
156766306306 (73, 75)
156766306308 (73, 77)
156766306312 (73, 81)
156766306320 (73, 89)
156766306336 (73, 105)
158913789953 (74, 75)
158913789954 (74, 76)
158913789956 (74, 78)
158913789960 (74, 82)
158913789968 (74, 90)
158913789984 (74, 106)
161061273601 (75, 76)
161061273602 (75, 77)
161061273604 (75, 79)
161061273608 (75, 83)
161061273616 (75, 91)
161061273632 (75, 107)
163208757249 (76, 77)
163208757250 (76, 78)
163208757252 (76, 80)
163208757256 (76, 84)
163208757264 (76, 92)
163208757280 (76, 108)
165356240897 (77, 78)
165356240898 (77, 79)
165356240900 (77, 81)
165356240904 (77, 85)
165356240912 (77, 93)
165356240928 (77, 109)
167503724545 (78, 79)
167503724546 (78, 80)
167503724548 (78, 82)
167503724552 (78, 86)
167503724560 (78, 94)
167503724576 (78, 110)
169651208193 (79, 80)
169651208194 (79, 81)
169651208196 (79, 83)
169651208200 (79, 87)
169651208208 (79, 95)
169651208224 (79, 111)
171798691841 (80, 81)
171798691842 (80, 82)
171798691844 (80, 84)
171798691848 (80, 88)
171798691856 (80, 96)
171798691872 (80, 112)
173946175489 (81, 82)
173946175490 (81, 83)
173946175492 (81, 85)
173946175496 (81, 89)
173946175504 (81, 97)
173946175520 (81, 113)
176093659137 (82, 83)
176093659138 (82, 84)
176093659140 (82, 86)
176093659144 (82, 90)
176093659152 (82, 98)
176093659168 (82, 114)
178241142785 (83, 84)
178241142786 (83, 85)
178241142788 (83, 87)
178241142792 (83, 91)
178241142800 (83, 99)
178241142816 (83, 115)
180388626433 (84, 85)
180388626434 (84, 86)
180388626436 (84, 88)
180388626440 (84, 92)
180388626448 (84, 100)
180388626464 (84, 116)
182536110081 (85, 86)
182536110082 (85, 87)
182536110084 (85, 89)
182536110088 (85, 93)
182536110096 (85, 101)
182536110112 (85, 117)
184683593729 (86, 87)
184683593730 (86, 88)
184683593732 (86, 90)
184683593736 (86, 94)
184683593744 (86, 102)
184683593760 (86, 118)
186831077377 (87, 88)
186831077378 (87, 89)
186831077380 (87, 91)
186831077384 (87, 95)
186831077392 (87, 103)
186831077408 (87, 119)
188978561025 (88, 89)
188978561026 (88, 90)
188978561028 (88, 92)
188978561032 (88, 96)
188978561040 (88, 104)
188978561056 (88, 120)
191126044673 (89, 90)
191126044674 (89, 91)
191126044676 (89, 93)
191126044680 (89, 97)
191126044688 (89, 105)
193273528321 (90, 91)
193273528322 (90, 92)
193273528324 (90, 94)
193273528328 (90, 98)
193273528336 (90, 106)
193273528352 (90, 122)
195421011969 (91, 92)
195421011970 (91, 93)
195421011972 (91, 95)
195421011976 (91, 99)
195421011984 (91, 107)
197568495617 (92, 93)
197568495618 (92, 94)
197568495620 (92, 96)
197568495624 (92, 100)
197568495632 (92, 108)
199715979265 (93, 94)
199715979266 (93, 95)
199715979268 (93, 97)
199715979272 (93, 101)
199715979280 (93, 109)
201863462913 (94, 95)
201863462914 (94, 96)
201863462916 (94, 98)
201863462920 (94, 102)
201863462928 (94, 110)
204010946561 (95, 96)
204010946562 (95, 97)
204010946564 (95, 99)
204010946568 (95, 103)
204010946576 (95, 111)
206158430209 (96, 97)
206158430210 (96, 98)
206158430212 (96, 100)
206158430216 (96, 104)
206158430224 (96, 112)
208305913857 (97, 98)
208305913858 (97, 99)
208305913860 (97, 101)
208305913864 (97, 105)
208305913872 (97, 113)
210453397505 (98, 99)
210453397506 (98, 100)
210453397508 (98, 102)
210453397512 (98, 106)
210453397520 (98, 114)
212600881153 (99, 100)
212600881154 (99, 101)
212600881156 (99, 103)
212600881160 (99, 107)
212600881168 (99, 115)
214748364801 (100, 101)
214748364802 (100, 102)
214748364804 (100, 104)
214748364808 (100, 108)
214748364816 (100, 116)
216895848449 (101, 102)
216895848450 (101, 103)
216895848452 (101, 105)
216895848456 (101, 109)
216895848464 (101, 117)
219043332097 (102, 103)
219043332098 (102, 104)
219043332100 (102, 106)
219043332104 (102, 110)
219043332112 (102, 118)
221190815745 (103, 104)
221190815746 (103, 105)
221190815748 (103, 107)
221190815752 (103, 111)
221190815760 (103, 119)
223338299393 (104, 105)
223338299394 (104, 106)
223338299396 (104, 108)
223338299400 (104, 112)
223338299408 (104, 120)
225485783041 (105, 106)
225485783042 (105, 107)
225485783044 (105, 109)
225485783048 (105, 113)
225485783056 (105, 121)
227633266689 (106, 107)
227633266690 (106, 108)
227633266692 (106, 110)
227633266696 (106, 114)
227633266704 (106, 122)
229780750337 (107, 108)
229780750338 (107, 109)
229780750340 (107, 111)
229780750344 (107, 115)
229780750352 (107, 123)
231928233985 (108, 109)
231928233986 (108, 110)
231928233988 (108, 112)
231928233992 (108, 116)
231928234000 (108, 124)
234075717633 (109, 110)
234075717634 (109, 111)
234075717636 (109, 113)
234075717640 (109, 117)
234075717648 (109, 125)
236223201281 (110, 111)
236223201282 (110, 112)
236223201284 (110, 114)
236223201288 (110, 118)
236223201296 (110, 126)
236223201312 (110, 142)
238370684929 (111, 112)
238370684930 (111, 113)
238370684932 (111, 115)
238370684936 (111, 119)
238370684944 (111, 127)
238370684960 (111, 143)
240518168577 (112, 113)
240518168578 (112, 114)
240518168580 (112, 116)
240518168584 (112, 120)
240518168592 (112, 128)
240518168608 (112, 144)
242665652225 (113, 114)
242665652226 (113, 115)
242665652228 (113, 117)
242665652232 (113, 121)
242665652240 (113, 129)
242665652256 (113, 145)
244813135873 (114, 115)
244813135874 (114, 116)
244813135876 (114, 118)
244813135880 (114, 122)
244813135888 (114, 130)
244813135904 (114, 146)
246960619521 (115, 116)
246960619522 (115, 117)
246960619524 (115, 119)
246960619528 (115, 123)
246960619536 (115, 131)
246960619552 (115, 147)
249108103169 (116, 117)
249108103170 (116, 118)
249108103172 (116, 120)
249108103176 (116, 124)
249108103184 (116, 132)
249108103200 (116, 148)
249108103232 (116, 180)
251255586817 (117, 118)
251255586818 (117, 119)
251255586820 (117, 121)
251255586824 (117, 125)
251255586832 (117, 133)
251255586848 (117, 149)
253403070465 (118, 119)
253403070466 (118, 120)
253403070468 (118, 122)
253403070472 (118, 126)
253403070480 (118, 134)
253403070496 (118, 150)
255550554113 (119, 120)
255550554114 (119, 121)
255550554116 (119, 123)
255550554120 (119, 127)
255550554128 (119, 135)
255550554144 (119, 151)
255550554176 (119, 183)
257698037761 (120, 121)
257698037762 (120, 122)
257698037764 (120, 124)
257698037768 (120, 128)
257698037776 (120, 136)
257698037792 (120, 152)
257698037824 (120, 184)
259845521409 (121, 122)
259845521410 (121, 123)
259845521412 (121, 125)
259845521416 (121, 129)
259845521424 (121, 137)
259845521440 (121, 153)
259845521472 (121, 185)
261993005057 (122, 123)
261993005058 (122, 124)
261993005060 (122, 126)
261993005064 (122, 130)
261993005072 (122, 138)
261993005088 (122, 154)
261993005120 (122, 186)
264140488705 (123, 124)
264140488706 (123, 125)
264140488708 (123, 127)
264140488712 (123, 131)
264140488720 (123, 139)
264140488736 (123, 155)
264140488768 (123, 187)
266287972353 (124, 125)
266287972354 (124, 126)
266287972356 (124, 128)
266287972360 (124, 132)
266287972368 (124, 140)
266287972384 (124, 156)
266287972416 (124, 188)
268435456001 (125, 126)
268435456002 (125, 127)
268435456004 (125, 129)
268435456008 (125, 133)
268435456016 (125, 141)
268435456032 (125, 157)
268435456064 (125, 189)
270582939649 (126, 127)
270582939650 (126, 128)
270582939652 (126, 130)
270582939656 (126, 134)
270582939664 (126, 142)
270582939680 (126, 158)
270582939712 (126, 190)
272730423297 (127, 128)
272730423298 (127, 129)
272730423300 (127, 131)
272730423304 (127, 135)
272730423312 (127, 143)
272730423328 (127, 159)
272730423360 (127, 191)
274877906945 (128, 129)
274877906946 (128, 130)
274877906948 (128, 132)
274877906952 (128, 136)
274877906960 (128, 144)
274877906976 (128, 160)
274877907008 (128, 192)
277025390593 (129, 130)
277025390594 (129, 131)
277025390596 (129, 133)
277025390600 (129, 137)
277025390608 (129, 145)
277025390624 (129, 161)
279172874241 (130, 131)
279172874242 (130, 132)
279172874244 (130, 134)
279172874248 (130, 138)
279172874256 (130, 146)
279172874272 (130, 162)
279172874304 (130, 194)
281320357889 (131, 132)
281320357890 (131, 133)
281320357892 (131, 135)
281320357896 (131, 139)
281320357904 (131, 147)
281320357920 (131, 163)
283467841537 (132, 133)
283467841538 (132, 134)
283467841540 (132, 136)
283467841544 (132, 140)
283467841552 (132, 148)
283467841568 (132, 164)
283467841600 (132, 196)
285615325185 (133, 134)
285615325186 (133, 135)
285615325188 (133, 137)
285615325192 (133, 141)
285615325200 (133, 149)
285615325216 (133, 165)
285615325248 (133, 197)
287762808833 (134, 135)
287762808834 (134, 136)
287762808836 (134, 138)
287762808840 (134, 142)
287762808848 (134, 150)
287762808864 (134, 166)
289910292481 (135, 136)
289910292482 (135, 137)
289910292484 (135, 139)
289910292488 (135, 143)
289910292496 (135, 151)
289910292512 (135, 167)
289910292544 (135, 199)
292057776129 (136, 137)
292057776130 (136, 138)
292057776132 (136, 140)
292057776136 (136, 144)
292057776144 (136, 152)
292057776160 (136, 168)
292057776192 (136, 200)
294205259777 (137, 138)
294205259778 (137, 139)
294205259780 (137, 141)
294205259784 (137, 145)
294205259792 (137, 153)
294205259808 (137, 169)
296352743425 (138, 139)
296352743426 (138, 140)
296352743428 (138, 142)
296352743432 (138, 146)
296352743440 (138, 154)
296352743456 (138, 170)
298500227073 (139, 140)
298500227074 (139, 141)
298500227076 (139, 143)
298500227080 (139, 147)
298500227088 (139, 155)
298500227104 (139, 171)
300647710721 (140, 141)
300647710722 (140, 142)
300647710724 (140, 144)
300647710728 (140, 148)
300647710736 (140, 156)
300647710752 (140, 172)
302795194369 (141, 142)
302795194370 (141, 143)
302795194372 (141, 145)
302795194376 (141, 149)
302795194384 (141, 157)
302795194400 (141, 173)
304942678017 (142, 143)
304942678018 (142, 144)
304942678020 (142, 146)
304942678024 (142, 150)
304942678032 (142, 158)
304942678048 (142, 174)
307090161665 (143, 144)
307090161666 (143, 145)
307090161668 (143, 147)
307090161672 (143, 151)
307090161680 (143, 159)
307090161696 (143, 175)
309237645313 (144, 145)
309237645314 (144, 146)
309237645316 (144, 148)
309237645320 (144, 152)
309237645328 (144, 160)
309237645344 (144, 176)
311385128961 (145, 146)
311385128962 (145, 147)
311385128964 (145, 149)
311385128968 (145, 153)
311385128976 (145, 161)
311385128992 (145, 177)
313532612609 (146, 147)
313532612610 (146, 148)
313532612612 (146, 150)
313532612616 (146, 154)
313532612624 (146, 162)
313532612640 (146, 178)
315680096257 (147, 148)
315680096258 (147, 149)
315680096260 (147, 151)
315680096264 (147, 155)
315680096272 (147, 163)
315680096288 (147, 179)
317827579905 (148, 149)
317827579906 (148, 150)
317827579908 (148, 152)
317827579912 (148, 156)
317827579920 (148, 164)
317827579936 (148, 180)
319975063553 (149, 150)
319975063554 (149, 151)
319975063556 (149, 153)
319975063560 (149, 157)
319975063568 (149, 165)
319975063584 (149, 181)
322122547201 (150, 151)
322122547202 (150, 152)
322122547204 (150, 154)
322122547208 (150, 158)
322122547216 (150, 166)
322122547232 (150, 182)
324270030849 (151, 152)
324270030850 (151, 153)
324270030852 (151, 155)
324270030856 (151, 159)
324270030864 (151, 167)
324270030880 (151, 183)
326417514497 (152, 153)
326417514498 (152, 154)
326417514500 (152, 156)
326417514504 (152, 160)
326417514512 (152, 168)
326417514528 (152, 184)
328564998145 (153, 154)
328564998146 (153, 155)
328564998148 (153, 157)
328564998152 (153, 161)
328564998160 (153, 169)
328564998176 (153, 185)
330712481793 (154, 155)
330712481794 (154, 156)
330712481796 (154, 158)
330712481800 (154, 162)
330712481808 (154, 170)
330712481824 (154, 186)
332859965441 (155, 156)
332859965442 (155, 157)
332859965444 (155, 159)
332859965448 (155, 163)
332859965456 (155, 171)
332859965472 (155, 187)
335007449089 (156, 157)
335007449090 (156, 158)
335007449092 (156, 160)
335007449096 (156, 164)
335007449104 (156, 172)
335007449120 (156, 188)
337154932737 (157, 158)
337154932738 (157, 159)
337154932740 (157, 161)
337154932744 (157, 165)
337154932752 (157, 173)
337154932768 (157, 189)
339302416385 (158, 159)
339302416386 (158, 160)
339302416388 (158, 162)
339302416392 (158, 166)
339302416400 (158, 174)
339302416416 (158, 190)
341449900033 (159, 160)
341449900034 (159, 161)
341449900036 (159, 163)
341449900040 (159, 167)
341449900048 (159, 175)
341449900064 (159, 191)
343597383681 (160, 161)
343597383682 (160, 162)
343597383684 (160, 164)
343597383688 (160, 168)
343597383696 (160, 176)
343597383712 (160, 192)
345744867329 (161, 162)
345744867330 (161, 163)
345744867332 (161, 165)
345744867336 (161, 169)
345744867344 (161, 177)
345744867360 (161, 193)
347892350977 (162, 163)
347892350978 (162, 164)
347892350980 (162, 166)
347892350984 (162, 170)
347892350992 (162, 178)
347892351008 (162, 194)
350039834625 (163, 164)
350039834626 (163, 165)
350039834628 (163, 167)
350039834632 (163, 171)
350039834640 (163, 179)
350039834656 (163, 195)
352187318273 (164, 165)
352187318274 (164, 166)
352187318276 (164, 168)
352187318280 (164, 172)
352187318288 (164, 180)
352187318304 (164, 196)
354334801921 (165, 166)
354334801922 (165, 167)
354334801924 (165, 169)
354334801928 (165, 173)
354334801936 (165, 181)
354334801952 (165, 197)
356482285569 (166, 167)
356482285570 (166, 168)
356482285572 (166, 170)
356482285576 (166, 174)
356482285584 (166, 182)
356482285600 (166, 198)
358629769217 (167, 168)
358629769218 (167, 169)
358629769220 (167, 171)
358629769224 (167, 175)
358629769232 (167, 183)
358629769248 (167, 199)
360777252865 (168, 169)
360777252866 (168, 170)
360777252868 (168, 172)
360777252872 (168, 176)
360777252880 (168, 184)
360777252896 (168, 200)
362924736513 (169, 170)
362924736514 (169, 171)
362924736516 (169, 173)
362924736520 (169, 177)
362924736528 (169, 185)
362924736544 (169, 201)
365072220161 (170, 171)
365072220162 (170, 172)
365072220164 (170, 174)
365072220168 (170, 178)
365072220176 (170, 186)
367219703809 (171, 172)
367219703810 (171, 173)
367219703812 (171, 175)
367219703816 (171, 179)
367219703824 (171, 187)
369367187457 (172, 173)
369367187458 (172, 174)
369367187460 (172, 176)
369367187464 (172, 180)
369367187472 (172, 188)
371514671105 (173, 174)
371514671106 (173, 175)
371514671108 (173, 177)
371514671112 (173, 181)
371514671120 (173, 189)
373662154753 (174, 175)
373662154754 (174, 176)
373662154756 (174, 178)
373662154760 (174, 182)
373662154768 (174, 190)
375809638401 (175, 176)
375809638402 (175, 177)
375809638404 (175, 179)
375809638408 (175, 183)
375809638416 (175, 191)
377957122049 (176, 177)
377957122050 (176, 178)
377957122052 (176, 180)
377957122056 (176, 184)
377957122064 (176, 192)
380104605697 (177, 178)
380104605698 (177, 179)
380104605700 (177, 181)
380104605704 (177, 185)
380104605712 (177, 193)
382252089345 (178, 179)
382252089346 (178, 180)
382252089348 (178, 182)
382252089352 (178, 186)
382252089360 (178, 194)
384399572993 (179, 180)
384399572994 (179, 181)
384399572996 (179, 183)
384399573000 (179, 187)
384399573008 (179, 195)
386547056641 (180, 181)
386547056642 (180, 182)
386547056644 (180, 184)
386547056648 (180, 188)
386547056656 (180, 196)
388694540289 (181, 182)
388694540290 (181, 183)
388694540292 (181, 185)
388694540296 (181, 189)
388694540304 (181, 197)
390842023937 (182, 183)
390842023938 (182, 184)
390842023940 (182, 186)
390842023944 (182, 190)
390842023952 (182, 198)
392989507585 (183, 184)
392989507586 (183, 185)
392989507588 (183, 187)
392989507592 (183, 191)
392989507600 (183, 199)
395136991233 (184, 185)
395136991234 (184, 186)
395136991236 (184, 188)
395136991240 (184, 192)
395136991248 (184, 200)
397284474881 (185, 186)
397284474882 (185, 187)
397284474884 (185, 189)
397284474888 (185, 193)
397284474896 (185, 201)
399431958529 (186, 187)
399431958530 (186, 188)
399431958532 (186, 190)
399431958536 (186, 194)
401579442177 (187, 188)
401579442178 (187, 189)
401579442180 (187, 191)
401579442184 (187, 195)
403726925825 (188, 189)
403726925826 (188, 190)
403726925828 (188, 192)
403726925832 (188, 196)
405874409473 (189, 190)
405874409474 (189, 191)
405874409476 (189, 193)
405874409480 (189, 197)
408021893121 (190, 191)
408021893122 (190, 192)
408021893124 (190, 194)
408021893128 (190, 198)
410169376769 (191, 192)
410169376770 (191, 193)
410169376772 (191, 195)
410169376776 (191, 199)
412316860417 (192, 193)
412316860418 (192, 194)
412316860420 (192, 196)
412316860424 (192, 200)
414464344065 (193, 194)
414464344066 (193, 195)
414464344068 (193, 197)
414464344072 (193, 201)
416611827713 (194, 195)
416611827714 (194, 196)
416611827716 (194, 198)
418759311361 (195, 196)
418759311362 (195, 197)
418759311364 (195, 199)
420906795009 (196, 197)
420906795010 (196, 198)
420906795012 (196, 200)
423054278657 (197, 198)
423054278658 (197, 199)
423054278660 (197, 201)
425201762305 (198, 199)
425201762306 (198, 200)
427349245953 (199, 200)
427349245954 (199, 201)
429496729601 (200, 201)
